image_width: 640
image_height: 480
camera_name: depth_PS1080_PrimeSense
camera_matrix:
  rows: 3
  cols: 3
  data: [571.693416922181, 0, 319.469087259105, 0, 569.273056672253, 242.166655611425, 0, 0, 1]
distortion_model: plumb_bob
distortion_coefficients:
  rows: 1
  cols: 5
  data: [-0.0364152820697982, 0.0298119619284236, 0.000927531788432839, -0.00202810877861898, 0]
rectification_matrix:
  rows: 3
  cols: 3
  data: [1, 0, 0, 0, 1, 0, 0, 0, 1]
projection_matrix:
  rows: 3
  cols: 4
  data: [565.893920898438, 0, 317.835387670966, 0, 0, 564.945678710938, 241.978504342915, 0, 0, 0, 1, 0]
